Start Problem:  10x10.txt
Best makespan:  998

Solution (job_index, subtask_index, start, end):
machine 0 : (7, 1, 132, 219) (4, 1, 219, 263) (5, 6, 263, 358) (6, 2, 358, 404) (3, 7, 470, 563) (9, 5, 563, 632) (0, 6, 632, 685) (1, 4, 685, 697) (2, 8, 697, 780) (8, 9, 905, 983) 
machine 1 : (3, 0, 0, 87) (7, 0, 87, 132) (0, 0, 132, 153) (2, 3, 259, 278) (6, 3, 404, 495) (4, 5, 594, 643) (8, 6, 643, 671) (5, 8, 671, 678) (1, 6, 763, 805) (9, 8, 805, 879) 
machine 2 : (5, 0, 0, 35) (4, 0, 35, 133) (2, 1, 133, 197) (3, 2, 197, 284) (6, 1, 284, 343) (9, 2, 343, 437) (1, 1, 437, 468) (8, 1, 468, 505) (0, 5, 505, 539) (7, 8, 764, 803) 
machine 3 : (2, 0, 0, 34) (5, 1, 35, 111) (3, 1, 111, 180) (6, 0, 180, 196) (7, 2, 219, 260) (9, 4, 533, 560) (8, 4, 604, 630) (0, 8, 760, 815) (4, 8, 816, 833) (1, 9, 959, 998) 
machine 4 : (1, 0, 0, 55) (5, 4, 149, 210) (8, 0, 210, 243) (7, 3, 260, 280) (2, 4, 280, 372) (9, 3, 437, 533) (4, 6, 643, 739) (0, 7, 739, 760) (6, 8, 760, 788) (3, 9, 788, 848) 
machine 5 : (5, 2, 111, 139) (4, 2, 263, 288) (1, 2, 468, 566) (8, 3, 571, 604) (3, 8, 604, 681) (6, 7, 696, 755) (7, 7, 755, 764) (2, 9, 780, 817) (0, 9, 817, 912) (9, 9, 912, 996) 
machine 6 : (0, 1, 153, 224) (5, 5, 224, 233) (7, 4, 280, 334) (4, 3, 334, 409) (3, 6, 429, 470) (2, 7, 551, 605) (6, 6, 644, 696) (9, 7, 696, 774) (8, 7, 774, 863) (1, 8, 882, 959) 
machine 7 : (3, 3, 284, 322) (0, 4, 398, 424) (2, 6, 508, 551) (4, 4, 551, 594) (8, 5, 630, 638) (9, 6, 638, 683) (1, 5, 697, 763) (5, 9, 763, 858) (6, 9, 858, 885) (7, 9, 885, 956) 
machine 8 : (9, 0, 0, 69) (2, 2, 197, 259) (3, 4, 322, 346) (0, 3, 346, 398) (5, 7, 398, 433) (8, 2, 505, 571) (7, 6, 571, 585) (6, 5, 594, 644) (1, 7, 805, 882) (4, 9, 882, 961) 
machine 9 : (5, 3, 139, 149) (9, 1, 149, 230) (0, 2, 230, 246) (3, 5, 346, 429) (2, 5, 429, 508) (7, 5, 508, 551) (6, 4, 551, 594) (1, 3, 594, 673) (4, 7, 739, 816) (8, 8, 863, 905) 

Execution time: 31.321537971496582 seconds
