Start Problem:  15x15.txt
Best makespan:  1400

Solution (job_index, subtask_index, start, end):
machine 0 : (11, 2, 90, 165) (7, 2, 251, 260) (3, 5, 260, 354) (8, 4, 359, 372) (9, 5, 420, 437) (1, 10, 572, 590) (10, 3, 590, 598) (12, 7, 598, 675) (2, 8, 721, 775) (5, 11, 858, 945) (14, 9, 1017, 1025) (6, 12, 1158, 1195) (4, 13, 1205, 1247) (0, 13, 1247, 1317) (13, 14, 1363, 1398) 
machine 1 : (2, 0, 0, 4) (8, 5, 372, 459) (14, 5, 459, 485) (7, 7, 582, 644) (5, 9, 644, 670) (1, 13, 670, 769) (6, 6, 769, 788) (13, 7, 788, 844) (12, 10, 844, 892) (11, 11, 892, 937) (9, 10, 937, 1006) (4, 10, 1018, 1111) (10, 11, 1113, 1206) (3, 13, 1206, 1298) (0, 14, 1317, 1400) 
machine 2 : (11, 0, 0, 47) (3, 1, 73, 96) (9, 3, 261, 321) (0, 5, 321, 336) (12, 3, 358, 378) (8, 6, 459, 541) (5, 8, 566, 644) (7, 8, 644, 650) (4, 6, 650, 745) (2, 9, 775, 843) (6, 10, 1091, 1134) (14, 12, 1200, 1283) (10, 14, 1283, 1356) (13, 13, 1356, 1363) (1, 14, 1363, 1396) 
machine 3 : (5, 1, 134, 195) (6, 1, 195, 270) (0, 4, 278, 304) (12, 4, 378, 409) (1, 11, 590, 641) (9, 7, 641, 730) (7, 11, 730, 810) (11, 12, 937, 1004) (10, 10, 1023, 1113) (14, 11, 1113, 1200) (2, 13, 1217, 1252) (13, 12, 1252, 1268) (4, 14, 1268, 1364) (3, 14, 1364, 1373) (8, 14, 1373, 1388) 
machine 4 : (1, 0, 0, 74) (10, 0, 74, 164) (13, 2, 164, 215) (0, 2, 215, 225) (5, 5, 387, 418) (14, 4, 418, 455) (4, 4, 455, 491) (3, 7, 540, 633) (7, 10, 712, 719) (12, 9, 745, 825) (8, 9, 825, 881) (6, 8, 881, 966) (2, 12, 1178, 1217) (9, 13, 1217, 1223) (11, 14, 1270, 1357) 
machine 5 : (3, 0, 0, 73) (1, 1, 74, 105) (5, 0, 105, 134) (12, 0, 134, 199) (7, 1, 199, 251) (13, 4, 446, 463) (11, 7, 463, 497) (8, 7, 541, 624) (10, 4, 624, 715) (2, 7, 715, 721) (4, 9, 942, 1018) (6, 9, 1018, 1091) (0, 12, 1091, 1187) (9, 14, 1223, 1236) (14, 14, 1303, 1400) 
machine 6 : (0, 0, 0, 94) (9, 0, 94, 99) (3, 3, 126, 156) (8, 2, 172, 268) (11, 4, 268, 319) (14, 3, 325, 359) (4, 2, 359, 380) (1, 8, 402, 493) (12, 5, 493, 526) (2, 4, 526, 576) (13, 5, 576, 665) (6, 5, 673, 741) (10, 6, 817, 906) (7, 13, 1179, 1236) (5, 13, 1236, 1250) 
machine 7 : (4, 0, 0, 78) (1, 2, 105, 193) (0, 3, 225, 278) (7, 3, 278, 327) (10, 1, 327, 354) (11, 6, 361, 445) (6, 2, 445, 465) (5, 7, 483, 566) (3, 8, 633, 665) (9, 9, 808, 896) (2, 10, 896, 978) (8, 11, 1040, 1048) (13, 9, 1048, 1066) (14, 10, 1066, 1078) (12, 13, 1198, 1294) 
machine 8 : (13, 0, 0, 28) (4, 1, 78, 101) (2, 1, 101, 183) (12, 1, 199, 261) (14, 1, 261, 277) (1, 5, 301, 379) (9, 4, 379, 420) (11, 8, 497, 525) (6, 3, 525, 529) (7, 9, 650, 712) (0, 8, 719, 729) (10, 7, 906, 955) (8, 10, 955, 1040) (3, 11, 1040, 1096) (5, 14, 1250, 1280) 
machine 9 : (3, 2, 96, 126) (2, 2, 183, 223) (9, 2, 231, 261) (1, 7, 395, 402) (12, 6, 526, 559) (4, 5, 559, 588) (11, 9, 588, 648) (13, 6, 665, 724) (0, 10, 890, 983) (8, 12, 1048, 1114) (5, 12, 1114, 1176) (7, 12, 1176, 1179) (10, 13, 1212, 1247) (14, 13, 1283, 1303) (6, 14, 1328, 1394) 
machine 10 : (14, 0, 0, 57) (8, 0, 57, 142) (3, 4, 156, 209) (12, 2, 261, 358) (11, 5, 358, 361) (4, 3, 380, 440) (1, 9, 493, 572) (0, 6, 572, 637) (9, 8, 730, 808) (5, 10, 808, 858) (10, 9, 995, 1023) (6, 11, 1134, 1158) (2, 11, 1158, 1178) (13, 11, 1178, 1208) (7, 14, 1236, 1243) 
machine 11 : (7, 0, 0, 32) (8, 1, 142, 172) (9, 1, 172, 231) (5, 4, 371, 387) (1, 6, 387, 395) (2, 5, 576, 630) (0, 7, 637, 719) (6, 7, 788, 842) (12, 11, 892, 982) (3, 10, 982, 1012) (14, 8, 1012, 1017) (13, 10, 1066, 1083) (4, 12, 1153, 1205) (10, 12, 1206, 1212) (11, 13, 1212, 1270) 
machine 12 : (6, 0, 0, 18) (0, 1, 94, 160) (11, 3, 165, 173) (5, 2, 195, 283) (14, 2, 283, 325) (7, 4, 327, 388) (2, 3, 388, 474) (1, 12, 641, 659) (8, 8, 659, 737) (10, 5, 737, 817) (4, 8, 863, 942) (13, 8, 942, 1005) (9, 11, 1006, 1051) (3, 12, 1096, 1123) (12, 12, 1123, 1198) 
machine 13 : (1, 4, 244, 301) (5, 3, 301, 371) (13, 3, 371, 446) (10, 2, 446, 447) (7, 5, 447, 482) (3, 6, 482, 540) (9, 6, 540, 606) (14, 6, 606, 674) (2, 6, 674, 695) (12, 8, 695, 745) (11, 10, 745, 814) (0, 11, 983, 1075) (4, 11, 1111, 1153) (8, 13, 1153, 1241) (6, 13, 1241, 1328) 
machine 14 : (11, 1, 47, 90) (13, 1, 90, 111) (1, 3, 193, 244) (8, 3, 268, 359) (5, 6, 418, 483) (7, 6, 483, 582) (6, 4, 582, 673) (3, 9, 673, 764) (4, 7, 764, 863) (0, 9, 863, 890) (14, 7, 890, 963) (10, 8, 963, 995) (9, 12, 1051, 1133) (2, 14, 1252, 1320) (12, 14, 1320, 1364) 

Execution time: 79.50411748886108 seconds
